sqrt(16)=4.000000
pow(2,3)=8.000000
abs(-5)=5.000000
floor(3.14)=3.000000
ceil(3.14)=4.000000
round(3.5)=4.000000
floor(-2.5)=-3.000000
ceil(-2.5)=-2.000000
pow(2,-1)=0.500000
